# Glyph placement metrics ŌĆö values normalized to the 0..1 SVG viewBox
#
# All SVGs share the same baseline_y.  To place glyph B directly after
# glyph A, offset B horizontally by A's advance_w (scaled to your tile size).
# To align descenders/ascenders visually, use ink_top / ink_bottom.
#
char    baseline_y   ink_top   ink_bottom   ink_left  ink_right  ink_width  advance_w
-------------------------------------------------------------------------------------
U+0005      0.7996    0.1884       0.2663     0.3764     0.6236     0.2473     0.2582
U+0006      0.7996    0.1775       0.2662     0.4312     0.5688     0.1376     0.1446
U+0008      0.7996    0.1316       0.2712     0.4302     0.5698     0.1396     0.1356
U+000A      0.7996    0.1260       0.2702     0.3579     0.6421     0.2841     0.2822
U+000B      0.7996    0.7996       0.9202     0.4452     0.5548     0.1097     0.1167
U+000C      0.7996    0.1823       0.2722     0.3823     0.6177     0.2353     0.2383
U+000D      0.7996    0.3001       0.7996     0.3829     0.6171     0.2343     0.2632
U+001A      0.7996    0.1017       0.8008     0.2147     0.7853     0.5706     0.5823
U+001B      0.7996    0.1016       0.8008     0.1663     0.8337     0.6674     0.6820
U+001C      0.7996    0.1017       0.8017     0.1413     0.8587     0.7173     0.7408
U+001D      0.7996    0.1466       0.7996     0.3126     0.6874     0.3749     0.2971
U+001E      0.7996    0.0029       0.7996     0.1127     0.8873     0.7747     0.8046
U+001F      0.7996    0.1704       0.9801     0.1989     0.8011     0.6022     0.5693
!           0.7996    0.1505       0.8018     0.4262     0.5738     0.1476     0.2762
"           0.7996    0.1017       0.3560     0.3794     0.6206     0.2413     0.3440
#           0.7996    0.1507       0.6278     0.2604     0.7396     0.4793     0.5484
$           0.7996    0.0020       0.8983     0.1705     0.8295     0.6590     0.6899
%           0.7996    0.1011       0.8076     0.2635     0.7365     0.4731     0.5743
&           0.7996    0.1017       0.9163    -0.0300     1.0300     1.0601     1.0867
'           0.7996    0.1017       0.3560     0.4551     0.5449     0.0897     0.1904
(           0.7996    0.0558       0.8003     0.3679     0.6321     0.2642     0.3649
)           0.7996    0.0552       0.7996     0.3679     0.6321     0.2642     0.3579
*           0.7996    0.1694       0.4966     0.3539     0.6461     0.2921     0.3549
+           0.7996    0.2244       0.6773     0.2739     0.7261     0.4521     0.5623
,           0.7996    0.6800       0.9454     0.4063     0.5937     0.1874     0.2782
-           0.7996    0.3899       0.5108     0.2739     0.7261     0.4521     0.5623
.           0.7996    0.6800       0.7996     0.4063     0.5937     0.1874     0.2841
/           0.7996    0.1011       0.8002     0.2669     0.7331     0.4661     0.5703
0           0.7996    0.1017       0.8016     0.1884     0.8116     0.6231     0.6710
1           0.7996    0.0997       0.8043     0.4018     0.5982     0.1964     0.2921
2           0.7996    0.1017       0.7996     0.2690     0.7310     0.4620     0.5274
3           0.7996    0.1007       0.7996     0.2762     0.7238     0.4477     0.4925
4           0.7996    0.1017       0.7996     0.1954     0.8046     0.6092     0.6660
5           0.7996    0.1077       0.7996     0.2717     0.7283     0.4566     0.4915
6           0.7996    0.1028       0.7996     0.2797     0.7203     0.4407     0.4995
7           0.7996    0.1020       0.8052     0.2702     0.7298     0.4595     0.4875
8           0.7996    0.1017       0.7996     0.2672     0.7328     0.4656     0.5025
9           0.7996    0.1017       0.8026     0.2667     0.7333     0.4666     0.5234
:           0.7996    0.4307       0.7996     0.4063     0.5937     0.1874     0.2901
;           0.7996    0.3958       0.9404     0.4063     0.5937     0.1874     0.2901
<           0.7996    0.1513       0.7498     0.3266     0.6734     0.3468     0.4407
=           0.7996    0.2902       0.6005     0.2739     0.7261     0.4521     0.5055
>           0.7996    0.1515       0.7502     0.3266     0.6734     0.3469     0.4347
?           0.7996    0.0987       0.7996     0.3594     0.6406     0.2812     0.3819
@           0.7996    0.1515       0.7996     0.1760     0.8240     0.6481     0.7537
A           0.7996    0.1027       0.8016     0.1603     0.8397     0.6793     0.6979
B           0.7996    0.1017       0.8016     0.1117     0.8883     0.7767     0.8156
C           0.7996    0.1017       0.8046     0.2203     0.7797     0.5593     0.5882
D           0.7996    0.0219       0.7996     0.1750     0.8250     0.6500     0.6909
E           0.7996    0.1067       0.8066     0.1433     0.8567     0.7134     0.7507
F           0.7996    0.1017       0.9442     0.1646     0.8354     0.6708     0.6839
G           0.7996    0.1017       0.8026     0.1775     0.8225     0.6451     0.6640
H           0.7996    0.0977       0.9521     0.1805     0.8195     0.6391     0.6710
I           0.7996    0.1007       0.7996     0.2363     0.7637     0.5273     0.5424
J           0.7996    0.0957       0.9282     0.1207     0.8793     0.7586     0.5673
K           0.7996    0.1017       0.8015     0.1630     0.8370     0.6739     0.6969
L           0.7996    0.1017       0.8017     0.1413     0.8587     0.7173     0.7408
M           0.7996    0.1017       0.8614    -0.1640     1.1640     1.3280     1.3599
N           0.7996    0.0967       0.7996     0.0897     0.9103     0.8205     0.8544
O           0.7996    0.1087       0.8016     0.1426     0.8574     0.7149     0.7537
P           0.7996    0.0997       0.9649     0.0298     0.9702     0.9404     0.9731
Q           0.7996    0.1037       0.9043    -0.0080     1.0080     1.0160     0.7827
R           0.7996    0.1017       0.7999     0.0668     0.9332     0.8664     0.8544
S           0.7996    0.1007       0.7996     0.1705     0.8295     0.6590     0.6839
T           0.7996    0.0885       0.7996     0.0830     0.9170     0.8341     0.7218
U           0.7996    0.1017       0.8006     0.1226     0.8774     0.7547     0.7777
V           0.7996    0.1007       0.7996     0.0344     0.9656     0.9312     0.9571
W           0.7996    0.0778       0.8006    -0.0135     1.0135     1.0270     1.0558
X           0.7996    0.0828       0.8574     0.1618     0.8382     0.6763     0.6092
Y           0.7996    0.0977       0.9930     0.1380     0.8620     0.7241     0.6740
Z           0.7996    0.0918       0.7996     0.1127     0.8873     0.7747     0.8046
[           0.7996    0.0518       0.7996     0.3425     0.6575     0.3151     0.4148
\           0.7996    0.1011       0.8002     0.2669     0.7331     0.4661     0.5703
]           0.7996    0.0518       0.7996     0.3425     0.6575     0.3151     0.4148
^           0.7996    0.1017       0.3011     0.2383     0.7617     0.5234     0.6301
_           0.7996    0.8156       0.8704     0.2159     0.7841     0.5683     0.4586
`           0.7996    0.1716       0.2652     0.3490     0.6510     0.3021     0.3031
a           0.7996    0.3011       0.8006     0.3101     0.6899     0.3799     0.4626
b           0.7996    0.1505       0.7996     0.2552     0.7448     0.4895     0.5852
c           0.7996    0.3011       0.7996     0.2951     0.7049     0.4098     0.4407
d           0.7996    0.0982       0.8016     0.2448     0.7552     0.5105     0.5773
e           0.7996    0.3011       0.8006     0.3081     0.6919     0.3838     0.4457
f           0.7996    0.1017       0.8008     0.2830     0.7170     0.4340     0.4187
g           0.7996    0.3011       1.0000     0.2198     0.7802     0.5603     0.5793
h           0.7996    0.1505       0.8006     0.2632     0.7368     0.4736     0.5673
i           0.7996    0.1476       0.7996     0.3829     0.6171     0.2343     0.2632
j           0.7996    0.1456       0.9488     0.3983     0.6017     0.2034     0.2622
k           0.7996    0.1505       0.7996     0.2645     0.7355     0.4710     0.5374
l           0.7996    0.1466       0.7996     0.3888     0.6112     0.2223     0.2971
m           0.7996    0.3011       0.8046     0.1017     0.8983     0.7966     0.8146
n           0.7996    0.3011       0.8056     0.2343     0.7657     0.5315     0.5593
o           0.7996    0.3011       0.7996     0.2403     0.7597     0.5194     0.5852
p           0.7996    0.3011       1.0000     0.2394     0.7606     0.5211     0.5553
q           0.7996    0.3011       0.9611     0.2423     0.7577     0.5155     0.6082
r           0.7996    0.3011       0.7996     0.3001     0.6999     0.3998     0.3968
s           0.7996    0.3011       0.7996     0.2473     0.7527     0.5055     0.5633
t           0.7996    0.2223       0.7996     0.3209     0.6791     0.3583     0.3619
u           0.7996    0.3011       0.7996     0.2453     0.7547     0.5095     0.5474
v           0.7996    0.2772       0.8016     0.2198     0.7802     0.5603     0.6052
w           0.7996    0.2722       0.7998     0.0793     0.9207     0.8415     0.8833
x           0.7996    0.2881       0.8950     0.2093     0.7907     0.5815     0.5484
y           0.7996    0.2653       0.9332     0.2373     0.7627     0.5253     0.5882
z           0.7996    0.3011       0.9801     0.1989     0.8011     0.6022     0.5693
{           0.7996    0.0518       0.7996     0.2897     0.7103     0.4206     0.5184
|           0.7996    0.1016       0.8038     0.4593     0.5407     0.0814     0.1944
}           0.7996    0.0518       0.7996     0.2897     0.7103     0.4206     0.5184
~           0.7996    0.3430       0.5553     0.2642     0.7358     0.4716     0.5643
┬Ī           0.7996    0.1454       0.8009     0.4262     0.5738     0.1476     0.2493
┬ó           0.7996    0.1515       0.9482     0.2951     0.7049     0.4098     0.4766
┬Ż           0.7996    0.1017       0.8017     0.1413     0.8587     0.7173     0.7478
┬ż           0.7996    0.4177       0.7996     0.3086     0.6914     0.3829     0.4526
┬ź           0.7996    0.1017       0.7996     0.2387     0.7613     0.5225     0.5573
┬”           0.7996    0.1017       0.7996     0.4596     0.5404     0.0808     0.1944
┬¦           0.7996    0.0040       0.8016     0.2961     0.7039     0.4078     0.4796
┬©           0.7996    0.1463       0.2632     0.2906     0.7094     0.4187     0.4217
┬®           0.7996    0.1027       0.6441     0.2288     0.7712     0.5424     0.6102
┬¬           0.7996    0.3031       0.6251     0.3998     0.6002     0.2004     0.2502
┬½           0.7996    0.5384       0.7886     0.2348     0.7652     0.5304     0.6002
┬¼           0.7996    0.5344       0.6251     0.3958     0.6042     0.2084     0.3230
┬«           0.7996    0.0060       0.4397     0.2832     0.7168     0.4337     0.5035
┬»           0.7996    0.1899       0.2528     0.2604     0.7396     0.4793     0.4736
┬░           0.7996    0.1037       0.3190     0.3883     0.6117     0.2233     0.3170
┬▒           0.7996    0.1486       0.7341     0.2739     0.7261     0.4521     0.5085
┬▓           0.7996    0.1017       0.4297     0.3910     0.6090     0.2180     0.5274
┬│           0.7996    0.1017       0.4297     0.3948     0.6052     0.2104     0.2463
┬┤           0.7996    0.1765       0.2682     0.3494     0.6506     0.3012     0.3390
┬Ą           0.7996    0.4387       0.9382     0.3569     0.6431     0.2861     0.3629
┬Č           0.7996    0.1017       0.7996     0.2448     0.7552     0.5105     0.6092
┬Ę           0.7996    0.3908       0.5105     0.4063     0.5937     0.1874     0.2841
┬Ė           0.7996    0.7970       0.9432     0.4497     0.5503     0.1007     0.1815
┬╣           0.7996    0.1021       0.4335     0.4541     0.5459     0.0917     0.2921
┬║           0.7996    0.3021       0.6251     0.3669     0.6331     0.2662     0.3200
┬╗           0.7996    0.5384       0.7886     0.2348     0.7652     0.5304     0.5922
┬╝           0.7996    0.1021       0.7996     0.3410     0.6590     0.3180     0.3569
┬Į           0.7996    0.1021       0.7996     0.3639     0.6361     0.2722     0.2921
┬Š           0.7996    0.1017       0.7996     0.3410     0.6590     0.3180     0.3649
┬┐           0.7996    0.0987       0.7996     0.3594     0.6406     0.2812     0.3470
├Ć           0.7996    0.0090       0.8016     0.1603     0.8397     0.6793     0.6979
├ü           0.7996    0.0010       0.8016     0.1603     0.8397     0.6793     0.6979
├é           0.7996    0.0120       0.8016     0.1603     0.8397     0.6793     0.6979
├ā           0.7996    0.0130       0.8016     0.1603     0.8397     0.6793     0.6979
├ä           0.7996    0.0030       0.8016     0.1603     0.8397     0.6793     0.6979
├ģ           0.7996    0.0020       0.8016     0.1603     0.8397     0.6793     0.6979
├å           0.7996    0.1027       0.8026     0.0564     0.9436     0.8872     0.9232
├ć           0.7996    0.1017       0.9432     0.2203     0.7797     0.5593     0.5882
├ł           0.7996    0.0040       0.8066     0.1433     0.8567     0.7134     0.7517
├ē           0.7996    0.0070       0.8066     0.1433     0.8567     0.7134     0.7517
├Ŗ           0.7996    0.0120       0.8066     0.1433     0.8567     0.7134     0.7517
├ŗ           0.7996    0.0001       0.8066     0.1433     0.8567     0.7134     0.7517
├ī           0.7996    0.0040       0.7996     0.2363     0.7637     0.5273     0.5434
├Ź           0.7996    0.0010       0.7996     0.2363     0.7637     0.5273     0.5434
├Ä           0.7996    0.0020       0.7996     0.2363     0.7637     0.5273     0.5434
├Å           0.7996    0.0001       0.7996     0.2363     0.7637     0.5273     0.5434
├É           0.7996    0.0219       0.7996     0.1750     0.8250     0.6500     0.6909
├æ           0.7996    0.0229       0.7976     0.0972     0.9028     0.8056     0.8993
├Æ           0.7996    0.0000       0.8016     0.1426     0.8574     0.7149     0.7478
├ō           0.7996    0.0070       0.8016     0.1426     0.8574     0.7149     0.7478
├ö           0.7996    0.0020       0.8016     0.1426     0.8574     0.7149     0.7478
├Ģ           0.7996    0.0030       0.8016     0.1426     0.8574     0.7149     0.7478
├¢           0.7996    0.0001       0.8016     0.1426     0.8574     0.7149     0.7478
├Ś           0.7996    0.1011       0.8002     0.2669     0.7331     0.4661     0.5165
├ś           0.7996    0.1017       0.8016     0.0643     0.9357     0.8714     0.7537
├Ö           0.7996    0.0000       0.8006     0.1226     0.8774     0.7547     0.7787
├Ü           0.7996    0.0000       0.8006     0.1226     0.8774     0.7547     0.7787
├ø           0.7996    0.0020       0.8006     0.1226     0.8774     0.7547     0.7787
├£           0.7996    0.0001       0.8006     0.1226     0.8774     0.7547     0.7787
├Ø           0.7996    0.0010       0.9930     0.1380     0.8620     0.7241     0.6740
├×           0.7996    0.0020       0.7996     0.2738     0.7262     0.4523     0.4816
├¤           0.7996    0.1017       0.7996     0.2931     0.7069     0.4138     0.4706
├Ā           0.7996    0.1735       0.8006     0.3101     0.6899     0.3799     0.4835
├Ī           0.7996    0.1815       0.8006     0.3101     0.6899     0.3799     0.4835
├ó           0.7996    0.1765       0.8006     0.3101     0.6899     0.3799     0.4835
├Ż           0.7996    0.1924       0.8006     0.3006     0.6994     0.3988     0.4835
├ż           0.7996    0.1825       0.8006     0.2976     0.7024     0.4048     0.4835
├ź           0.7996    0.1366       0.8006     0.3101     0.6899     0.3799     0.4835
├”           0.7996    0.3011       0.8006     0.1949     0.8051     0.6102     0.6740
├¦           0.7996    0.3011       0.9432     0.2951     0.7049     0.4098     0.4766
├©           0.7996    0.1785       0.8006     0.3081     0.6919     0.3838     0.4467
├®           0.7996    0.1765       0.8006     0.3081     0.6919     0.3838     0.4467
├¬           0.7996    0.1815       0.8006     0.3081     0.6919     0.3838     0.4467
├½           0.7996    0.1825       0.8006     0.3081     0.6919     0.3838     0.4467
├¼           0.7996    0.1735       0.7996     0.3494     0.6506     0.3012     0.2632
├Ł           0.7996    0.1765       0.7996     0.3494     0.6506     0.3012     0.2632
├«           0.7996    0.1765       0.7996     0.3784     0.6216     0.2433     0.2632
├»           0.7996    0.1825       0.7996     0.3524     0.6476     0.2951     0.2632
├░           0.7996    0.0982       0.8016     0.2448     0.7552     0.5105     0.5773
├▒           0.7996    0.1924       0.8056     0.2343     0.7657     0.5315     0.5603
├▓           0.7996    0.1785       0.7996     0.2403     0.7597     0.5194     0.5862
├│           0.7996    0.1765       0.7996     0.2403     0.7597     0.5194     0.5862
├┤           0.7996    0.1815       0.7996     0.2403     0.7597     0.5194     0.5862
├Ą           0.7996    0.1874       0.7996     0.2403     0.7597     0.5194     0.5862
├Č           0.7996    0.1825       0.7996     0.2403     0.7597     0.5194     0.5862
├Ę           0.7996    0.2263       0.6750     0.2739     0.7261     0.4521     0.5184
├Ė           0.7996    0.2832       0.7996     0.1685     0.8315     0.6630     0.6540
├╣           0.7996    0.1785       0.7996     0.2453     0.7547     0.5095     0.5474
├║           0.7996    0.1815       0.7996     0.2453     0.7547     0.5095     0.5484
├╗           0.7996    0.1765       0.7996     0.2453     0.7547     0.5095     0.5474
├╝           0.7996    0.1825       0.7996     0.2453     0.7547     0.5095     0.5474
├Į           0.7996    0.1815       0.9332     0.2373     0.7627     0.5253     0.5882
├Š           0.7996    0.1515       1.0000     0.2753     0.7247     0.4493     0.4776
├┐           0.7996    0.1676       0.9332     0.2373     0.7627     0.5253     0.5882
┼Æ           0.7996    0.1067       0.8016    -0.0089     1.0089     1.0178     1.0648
┼ō           0.7996    0.3011       0.8006     0.1107     0.8893     0.7787     0.8415
┼Ā           0.7996    0.0029       0.7996     0.1705     0.8295     0.6590     0.6839
┼Ī           0.7996    0.1704       0.7996     0.2473     0.7527     0.5055     0.5633
┼Ė           0.7996    0.0080       0.9930     0.1380     0.8620     0.7241     0.6919
ŲÆ           0.7996    0.3011       0.6999     0.3006     0.6994     0.3988     0.4786
╦å           0.7996    0.1765       0.2662     0.3824     0.6176     0.2353     0.2383
╦£           0.7996    0.1745       0.2682     0.3310     0.6690     0.3380     0.4337
ŌĆō           0.7996    0.3899       0.5108     0.2615     0.7385     0.4771     0.5314
ŌĆö           0.7996    0.3899       0.5108     0.1598     0.8402     0.6805     0.7368
ŌĆś           0.7996    0.0466       0.3121     0.4063     0.5937     0.1874     0.2124
ŌĆÖ           0.7996    0.0518       0.3173     0.4063     0.5937     0.1874     0.1137
ŌĆÜ           0.7996    0.5404       0.8058     0.4063     0.5937     0.1874     0.2223
ŌĆ£           0.7996    0.0466       0.3121     0.2891     0.7109     0.4217     0.4417
ŌĆØ           0.7996    0.0518       0.3173     0.2891     0.7109     0.4217     0.3480
ŌĆ×           0.7996    0.5394       0.8048     0.2891     0.7109     0.4217     0.4556
ŌĆĀ           0.7996    0.1017       0.5354     0.3654     0.6346     0.2692     0.3210
ŌĆĪ           0.7996    0.1017       0.7388     0.3654     0.6346     0.2692     0.3210
ŌĆó           0.7996    0.3011       0.6002     0.3504     0.6496     0.2991     0.4008
ŌĆ”           0.7996    0.6799       0.7996     0.1191     0.8809     0.7617     0.8614
ŌĆ░           0.7996    0.1011       0.8126     0.1588     0.8412     0.6825     0.7358
ŌĆ╣           0.7996    0.5384       0.7886     0.3544     0.6456     0.2911     0.3629
ŌĆ║           0.7996    0.5384       0.7886     0.3544     0.6456     0.2911     0.3549
Ōäó           0.7996    0.1017       0.3709     0.1780     0.8220     0.6441     0.7019
ŌłÖ           0.7996    0.3908       0.5105     0.4063     0.5937     0.1874     0.2841
U+E003      0.7996    0.3899       0.5108     0.2739     0.7261     0.4521     0.5623
U+E004      0.7996    0.1515       0.7398     0.2739     0.7261     0.4521     0.5165
U+E005      0.7996    0.2552       0.6889     0.1117     0.8883     0.7767     0.8315
U+E006      0.7996    0.1513       0.7999     0.2739     0.7261     0.4521     0.5065
U+E007      0.7996    0.1515       0.7999     0.2739     0.7261     0.4521     0.5065
U+E008      0.7996    0.2902       0.8017     0.2340     0.7660     0.5319     0.5733
U+E009      0.7996    0.1017       0.7996     0.1510     0.8490     0.6979     0.7747
U+E00A      0.7996    0.1715       0.7422     0.1094     0.8906     0.7812     0.8365
U+E00B      0.7996    0.2039       0.8339     0.1850     0.8150     0.6300     0.7019
U+E00C      0.7996    0.3011       0.7996     0.2084     0.7916     0.5833     0.6451
U+E00E      0.7996    0.3848       0.7996     0.2926     0.7074     0.4148     0.4706
U+E00F      0.7996    0.1103       0.7990     0.1490     0.8510     0.7019     0.7577

# Missing mapped glyphs (present in cmap but not exportable):
       (U+0020)
  \ue000  (U+E000)
  \ue001  (U+E001)
  \ue002  (U+E002)
  \ue00d  (U+E00D)
