# Glyph placement metrics — values normalized to the 0..1 SVG viewBox
#
# All SVGs share the same baseline_y.  To place glyph B directly after
# glyph A, offset B horizontally by A's advance_w (scaled to your tile size).
# To align descenders/ascenders visually, use ink_top / ink_bottom.
#
char    baseline_y   ink_top   ink_bottom   ink_left  ink_right  ink_width  advance_w
-------------------------------------------------------------------------------------
!           0.6552    0.1654       0.7602     0.4059     0.5941     0.1883     0.1489
"           0.6552    0.1654       0.4949     0.3391     0.6609     0.3219     0.3009
#           0.6552    0.1654       0.6196     0.3050     0.6950     0.3899     0.3651
$           0.6552    0.1654       0.7710     0.3337     0.6663     0.3327     0.3079
%           0.6552    0.1202       0.8321     0.2484     0.7516     0.5032     0.4784
&           0.6552    0.2595       0.6330     0.2172     0.7828     0.5655     0.5509
'           0.6552    0.1654       0.4949     0.4059     0.5941     0.1883     0.1705
(           0.6552    0.1209       0.8117     0.3232     0.6768     0.3537     0.3340
)           0.6552    0.1209       0.8117     0.3232     0.6768     0.3537     0.3340
*           0.6552    0.3384       0.7106     0.3403     0.6597     0.3193     0.2939
+           0.6552    0.3308       0.7207     0.3368     0.6632     0.3263     0.3041
,           0.6552    0.5089       0.8384     0.4059     0.5941     0.1883     0.1686
-           0.6552    0.3639       0.6158     0.4059     0.5941     0.1883     0.1660
.           0.6552    0.5089       0.7602     0.4059     0.5941     0.1883     0.1686
/           0.6552    0.1202       0.8321     0.3302     0.6698     0.3397     0.3003
0           0.6552    0.1654       0.7672     0.2309     0.7691     0.5382     0.5140
1           0.6552    0.1654       0.7659     0.4157     0.5843     0.1686     0.1482
2           0.6552    0.1654       0.7659     0.2929     0.7071     0.4141     0.3823
3           0.6552    0.1654       0.7659     0.3238     0.6762     0.3524     0.3270
4           0.6552    0.1654       0.7659     0.3216     0.6784     0.3569     0.3352
5           0.6552    0.1654       0.7659     0.3177     0.6823     0.3645     0.3302
6           0.6552    0.1654       0.7672     0.2961     0.7039     0.4078     0.3874
7           0.6552    0.1654       0.7665     0.3152     0.6848     0.3696     0.3454
8           0.6552    0.1648       0.7659     0.3168     0.6832     0.3664     0.3448
9           0.6552    0.1654       0.7672     0.2961     0.7039     0.4078     0.3880
:           0.6552    0.3639       0.7602     0.4059     0.5941     0.1883     0.1654
;           0.6552    0.3639       0.8384     0.4059     0.5941     0.1883     0.1679
<           0.6552    0.3467       0.7042     0.3842     0.6158     0.2316     0.2080
=           0.6552    0.3473       0.7042     0.3368     0.6632     0.3263     0.3041
>           0.6552    0.3467       0.7042     0.3842     0.6158     0.2316     0.2093
?           0.6552    0.1654       0.7627     0.2961     0.7039     0.4078     0.3836
@           0.6552    0.1654       0.7672     0.2309     0.7691     0.5382     0.5197
A           0.6552    0.1654       0.9059     0.2478     0.7522     0.5045     0.3880
B           0.6552    0.1654       0.7659     0.3241     0.6759     0.3518     0.3276
C           0.6552    0.1654       0.7672     0.3232     0.6768     0.3537     0.3340
D           0.6552    0.1654       0.7672     0.2761     0.7239     0.4478     0.4262
E           0.6552    0.1654       0.7672     0.3232     0.6768     0.3537     0.3365
F           0.6552    0.1654       0.7659     0.3387     0.6613     0.3225     0.3022
G           0.6552    0.1654       0.7672     0.2309     0.7691     0.5382     0.5184
H           0.6552    0.1654       0.9059     0.2363     0.7637     0.5274     0.4084
I           0.6552    0.1654       0.7659     0.4157     0.5843     0.1686     0.1482
J           0.6552    0.1654       0.7672     0.3184     0.6816     0.3632     0.3422
K           0.6552    0.1660       0.9059     0.2640     0.7360     0.4720     0.3550
L           0.6552    0.1654       0.7659     0.3546     0.6454     0.2907     0.2653
M           0.6552    0.1654       0.9059     0.1838     0.8162     0.6323     0.5140
N           0.6552    0.1654       0.9059     0.2726     0.7274     0.4548     0.3365
O           0.6552    0.1654       0.7672     0.2309     0.7691     0.5382     0.5140
P           0.6552    0.1654       0.7659     0.2961     0.7039     0.4078     0.3874
Q           0.6552    0.1654       0.9135     0.2309     0.7691     0.5382     0.5165
R           0.6552    0.1654       0.7659     0.2961     0.7039     0.4078     0.3861
S           0.6552    0.1654       0.7665     0.3343     0.6657     0.3314     0.3079
T           0.6552    0.1654       0.7659     0.3149     0.6851     0.3702     0.3454
U           0.6552    0.1641       0.7659     0.3216     0.6784     0.3569     0.3365
V           0.6552    0.1648       0.7735     0.2875     0.7125     0.4249     0.3836
W           0.6552    0.1654       0.7659     0.2328     0.7672     0.5344     0.5140
X           0.6552    0.1654       0.7659     0.3216     0.6784     0.3569     0.3340
Y           0.6552    0.1654       0.7659     0.3216     0.6784     0.3569     0.3372
Z           0.6552    0.1654       0.7659     0.3047     0.6953     0.3906     0.3575
[           0.6552    0.0935       0.8931     0.3546     0.6454     0.2907     0.2735
\           0.6552    0.1202       0.8321     0.3302     0.6698     0.3397     0.3053
]           0.6552    0.0935       0.8931     0.3543     0.6457     0.2913     0.2710
^           0.6552    0.1692       0.4644     0.3527     0.6473     0.2945     0.2723
_           0.6552    0.5280       0.7602     0.2964     0.7036     0.4071     0.3849
`           0.6552    0.1686       0.4924     0.3912     0.6088     0.2176     0.1953
a           0.6552    0.2958       0.7672     0.2961     0.7039     0.4078     0.3874
b           0.6552    0.1654       0.7659     0.2961     0.7039     0.4078     0.3849
c           0.6552    0.2945       0.7659     0.3559     0.6441     0.2882     0.2665
d           0.6552    0.1654       0.7659     0.2961     0.7039     0.4078     0.3874
e           0.6552    0.2958       0.7672     0.3123     0.6877     0.3753     0.3531
f           0.6552    0.1654       0.7659     0.3203     0.6797     0.3594     0.3327
g           0.6552    0.2958       1.1050     0.2964     0.7036     0.4071     0.3874
h           0.6552    0.1654       0.9059     0.2729     0.7271     0.4542     0.3352
i           0.6552    0.1597       0.7659     0.4059     0.5941     0.1883     0.1476
j           0.6552    0.1597       0.9059     0.3623     0.6377     0.2754     0.1469
k           0.6552    0.1660       0.9059     0.2777     0.7223     0.4447     0.3244
l           0.6552    0.1667       0.7659     0.4157     0.5843     0.1686     0.1469
m           0.6552    0.2958       0.9059     0.1838     0.8162     0.6323     0.5140
n           0.6552    0.2958       0.9059     0.2726     0.7274     0.4548     0.3352
o           0.6552    0.2958       0.7672     0.2961     0.7039     0.4078     0.3836
p           0.6552    0.2958       0.8963     0.2961     0.7039     0.4078     0.3836
q           0.6552    0.2958       0.8963     0.2961     0.7039     0.4078     0.3861
r           0.6552    0.2958       0.7659     0.3686     0.6314     0.2627     0.2366
s           0.6552    0.2958       0.7653     0.3337     0.6663     0.3327     0.3066
t           0.6552    0.2201       0.7659     0.3216     0.6784     0.3569     0.3327
u           0.6552    0.2958       0.7659     0.3216     0.6784     0.3569     0.3365
v           0.6552    0.2952       0.7729     0.3232     0.6768     0.3537     0.3187
w           0.6552    0.2945       0.7646     0.2325     0.7675     0.5350     0.5140
x           0.6552    0.2958       0.7659     0.3216     0.6784     0.3569     0.3352
y           0.6552    0.2958       0.9059     0.3216     0.6784     0.3569     0.3352
z           0.6552    0.2958       0.7659     0.3136     0.6864     0.3728     0.3410
{           0.6552    0.0935       0.8931     0.3546     0.6454     0.2907     0.2424
|           0.6552    0.1018       0.8295     0.4157     0.5843     0.1686     0.1469
}           0.6552    0.0935       0.8931     0.3543     0.6457     0.2913     0.2424
~           0.6552    0.1660       0.4224     0.3492     0.6508     0.3015     0.2793
§           0.6552    0.1654       0.7659     0.2678     0.7322     0.4644     0.4427

# Missing ASCII glyphs (not available in this font):
       (U+0020)
