# Glyph placement metrics тАФ values normalized to the 0..1 SVG viewBox
#
# All SVGs share the same baseline_y.  To place glyph B directly after
# glyph A, offset B horizontally by A's advance_w (scaled to your tile size).
# To align descenders/ascenders visually, use ink_top / ink_bottom.
#
char    baseline_y   ink_top   ink_bottom   ink_left  ink_right  ink_width  advance_w
-------------------------------------------------------------------------------------
!           0.8113    0.2026       0.8113     0.4738     0.5262     0.0523     0.1440
"           0.8113    0.2026       0.3255     0.4393     0.5607     0.1215     0.2400
#           0.8113    0.3313       0.7638     0.3224     0.6776     0.3553     0.4004
$           0.8113    0.1368       0.8617     0.3087     0.6913     0.3826     0.4868
%           0.8113    0.2021       0.8113     0.1416     0.8584     0.7168     0.7681
&           0.8113    0.2021       0.8209     0.2489     0.7511     0.5022     0.4926
'           0.8113    0.2026       0.3255     0.4827     0.5173     0.0346     0.1191
(           0.8113    0.2012       0.8113     0.4157     0.5843     0.1685     0.1920
)           0.8113    0.2012       0.8113     0.4157     0.5843     0.1685     0.1920
*           0.8113    0.2026       0.5223     0.3401     0.6599     0.3197     0.3673
+           0.8113    0.3519       0.7302     0.3224     0.6776     0.3553     0.4033
,           0.8113    0.7590       0.8675     0.4734     0.5266     0.0533     0.0960
-           0.8113    0.5233       0.5559     0.3224     0.6776     0.3553     0.4090
.           0.8113    0.7590       0.8113     0.4738     0.5262     0.0523     0.0960
/           0.8113    0.2026       0.8113     0.3320     0.6680     0.3361     0.3361
0           0.8113    0.2026       0.8113     0.3752     0.6248     0.2496     0.2880
1           0.8113    0.2050       0.8113     0.4265     0.5735     0.1469     0.1771
2           0.8113    0.2026       0.8113     0.3310     0.6690     0.3380     0.3841
3           0.8113    0.2026       0.8113     0.3461     0.6539     0.3077     0.3874
4           0.8113    0.1988       0.8113     0.3032     0.6968     0.3937     0.4129
5           0.8113    0.2026       0.8113     0.3387     0.6613     0.3226     0.3553
6           0.8113    0.2045       0.8113     0.3375     0.6625     0.3250     0.3500
7           0.8113    0.2012       0.8113     0.3034     0.6966     0.3932     0.4057
8           0.8113    0.2045       0.8113     0.3301     0.6699     0.3399     0.3605
9           0.8113    0.2045       0.8113     0.3375     0.6625     0.3250     0.3500
:           0.8113    0.3793       0.8113     0.4738     0.5262     0.0523     0.0960
;           0.8113    0.3793       0.8675     0.4734     0.5266     0.0533     0.0960
<           0.8113    0.3797       0.6928     0.3425     0.6575     0.3149     0.3361
=           0.8113    0.4590       0.6375     0.3224     0.6776     0.3553     0.4057
>           0.8113    0.3797       0.6928     0.3425     0.6575     0.3149     0.3361
?           0.8113    0.2031       0.8113     0.2998     0.7002     0.4004     0.4321
@           0.8113    0.2031       0.8113     0.2110     0.7890     0.5780     0.6241
A           0.8113    0.2026       0.8445     0.0651     0.9349     0.8699     0.4801
B           0.8113    0.1272       0.8113     0.2024     0.7976     0.5953     0.3841
C           0.8113    0.2026       0.8108     0.2756     0.7244     0.4489     0.4071
D           0.8113    0.1781       0.8478     0.1707     0.8293     0.6587     0.4071
E           0.8113    0.1195       0.8593     0.2400     0.7600     0.5199     0.3178
F           0.8113    0.0744       0.8113     0.2916     0.7084     0.4167     0.3197
G           0.8113    0.1887       0.8723     0.2019     0.7981     0.5963     0.4623
H           0.8113    0.1800       0.8161     0.1339     0.8661     0.7321     0.4503
I           0.8113    0.2026       0.8632     0.2861     0.7139     0.4277     0.1920
J           0.8113    0.2026       0.8108     0.2494     0.7506     0.5012     0.3913
K           0.8113    0.1800       0.8853     0.2460     0.7540     0.5079     0.3433
L           0.8113    0.1791       0.8113     0.2974     0.7026     0.4052     0.3135
M           0.8113    0.1776       0.8473     0.0799     0.9201     0.8401     0.6241
N           0.8113    0.1589       0.8310     0.1378     0.8622     0.7244     0.4527
O           0.8113    0.1824       0.8425     0.1964     0.8036     0.6073     0.4801
P           0.8113    0.1464       0.8243     0.2592     0.7408     0.4815     0.4105
Q           0.8113    0.1440       0.8805     0.2405     0.7595     0.5190     0.4081
R           0.8113    0.1892       0.8473     0.2208     0.7792     0.5583     0.4037
S           0.8113    0.1479       0.8113     0.2328     0.7672     0.5343     0.4124
T           0.8113    0.1128       0.9069     0.2379     0.7621     0.5242     0.4513
U           0.8113    0.1234       0.8113     0.1858     0.8142     0.6284     0.4983
V           0.8113    0.1680       0.8113     0.2031     0.7969     0.5939     0.4575
W           0.8113    0.1143       0.8113     0.1479     0.8521     0.7043     0.6015
X           0.8113    0.1791       0.8113     0.2364     0.7636     0.5271     0.4801
Y           0.8113    0.2021       0.8113     0.2336     0.7664     0.5329     0.4801
Z           0.8113    0.0000       0.9006     0.2211     0.7789     0.5578     0.4902
[           0.8113    0.2026       0.8113     0.4213     0.5787     0.1575     0.1920
\           0.8113    0.2026       0.8113     0.3320     0.6680     0.3361     0.3361
]           0.8113    0.2026       0.8113     0.4213     0.5787     0.1575     0.1920
^           0.8113    0.2026       0.4729     0.3999     0.6001     0.2002     0.2880
_           0.8113    0.8113       0.8440     0.3224     0.6776     0.3553     0.4321
`           0.8113    0.2026       0.2832     0.4522     0.5478     0.0955     0.4916
a           0.8113    0.2026       0.8445     0.0651     0.9349     0.8699     0.4801
b           0.8113    0.1272       0.8113     0.2024     0.7976     0.5953     0.3841
c           0.8113    0.2026       0.8108     0.2756     0.7244     0.4489     0.4071
d           0.8113    0.1781       0.8478     0.1707     0.8293     0.6587     0.4071
e           0.8113    0.1195       0.8593     0.2400     0.7600     0.5199     0.3178
f           0.8113    0.0744       0.8113     0.2916     0.7084     0.4167     0.3197
g           0.8113    0.1887       0.8723     0.2019     0.7981     0.5963     0.4623
h           0.8113    0.1800       0.8161     0.1339     0.8661     0.7321     0.4503
i           0.8113    0.2026       0.8632     0.2861     0.7139     0.4277     0.1920
j           0.8113    0.2026       0.8108     0.2494     0.7506     0.5012     0.3913
k           0.8113    0.1800       0.8853     0.2460     0.7540     0.5079     0.3433
l           0.8113    0.1791       0.8113     0.2974     0.7026     0.4052     0.3135
m           0.8113    0.1776       0.8473     0.0799     0.9201     0.8401     0.6241
n           0.8113    0.1589       0.8310     0.1378     0.8622     0.7244     0.4527
o           0.8113    0.1824       0.8425     0.1964     0.8036     0.6073     0.4801
p           0.8113    0.1464       0.8243     0.2592     0.7408     0.4815     0.4105
q           0.8113    0.1440       0.8805     0.2405     0.7595     0.5190     0.4081
r           0.8113    0.1892       0.8473     0.2208     0.7792     0.5583     0.4037
s           0.8113    0.1479       0.8113     0.2328     0.7672     0.5343     0.4124
t           0.8113    0.1128       0.9069     0.2379     0.7621     0.5242     0.4513
u           0.8113    0.1234       0.8113     0.1858     0.8142     0.6284     0.4983
v           0.8113    0.1680       0.8113     0.2031     0.7969     0.5939     0.4575
w           0.8113    0.1143       0.8113     0.1479     0.8521     0.7043     0.6015
x           0.8113    0.1791       0.8113     0.2364     0.7636     0.5271     0.4801
y           0.8113    0.2021       0.8113     0.2336     0.7664     0.5329     0.4801
z           0.8113    0.0000       0.9006     0.2211     0.7789     0.5578     0.4902
{           0.8113    0.2026       0.8113     0.3829     0.6171     0.2343     0.2516
|           0.8113    0.1392       1.0000     0.4827     0.5173     0.0346     0.2400
}           0.8113    0.2026       0.8113     0.3829     0.6171     0.2343     0.2516
~           0.8113    0.3567       0.4373     0.3406     0.6594     0.3188     0.3841
┬б           0.8113    0.2026       0.8113     0.4738     0.5262     0.0523     0.1440
U+00AD      0.8113    0.5233       0.5559     0.3224     0.6776     0.3553     0.4090
┬░           0.8113    0.2026       0.3951     0.4124     0.5876     0.1752     0.3361
┬┤           0.8113    0.2026       0.2832     0.4522     0.5478     0.0955     0.4916
┬┐           0.8113    0.2031       0.8113     0.2998     0.7002     0.4004     0.4321
├А           0.8113    0.0907       0.8445     0.0651     0.9349     0.8699     0.4623
├Б           0.8113    0.0907       0.8445     0.0651     0.9349     0.8699     0.4623
├Д           0.8113    0.1176       0.8445     0.0651     0.9349     0.8699     0.4801
├И           0.8113    0.0907       0.8593     0.2400     0.7600     0.5199     0.3178
├Й           0.8113    0.0907       0.8593     0.2400     0.7600     0.5199     0.3178
├Л           0.8113    0.1176       0.8593     0.2400     0.7600     0.5199     0.3178
├М           0.8113    0.0907       0.8632     0.2861     0.7139     0.4277     0.1920
├Н           0.8113    0.0907       0.8632     0.2861     0.7139     0.4277     0.1920
├П           0.8113    0.1176       0.8632     0.2861     0.7139     0.4277     0.1920
├С           0.8113    0.0912       0.8310     0.1378     0.8622     0.7244     0.4556
├Т           0.8113    0.0907       0.8425     0.1964     0.8036     0.6073     0.4801
├У           0.8113    0.0907       0.8425     0.1964     0.8036     0.6073     0.4801
├Ц           0.8113    0.1176       0.8425     0.1964     0.8036     0.6073     0.4801
├Щ           0.8113    0.0907       0.8113     0.1858     0.8142     0.6284     0.4983
├Ъ           0.8113    0.0907       0.8113     0.1858     0.8142     0.6284     0.4983
├Ь           0.8113    0.1176       0.8113     0.1858     0.8142     0.6284     0.4983
├а           0.8113    0.0907       0.8445     0.0651     0.9349     0.8699     0.4623
├б           0.8113    0.0907       0.8445     0.0651     0.9349     0.8699     0.4623
├д           0.8113    0.1176       0.8445     0.0651     0.9349     0.8699     0.4801
├и           0.8113    0.0907       0.8593     0.2400     0.7600     0.5199     0.3178
├й           0.8113    0.0907       0.8593     0.2400     0.7600     0.5199     0.3178
├л           0.8113    0.1176       0.8593     0.2400     0.7600     0.5199     0.3178
├м           0.8113    0.0907       0.8632     0.2861     0.7139     0.4277     0.1920
├н           0.8113    0.0907       0.8632     0.2861     0.7139     0.4277     0.1920
├п           0.8113    0.1176       0.8632     0.2861     0.7139     0.4277     0.1920
├▒           0.8113    0.0912       0.8310     0.1378     0.8622     0.7244     0.4556
├▓           0.8113    0.0907       0.8425     0.1964     0.8036     0.6073     0.4801
├│           0.8113    0.0907       0.8425     0.1964     0.8036     0.6073     0.4801
├╢           0.8113    0.1176       0.8425     0.1964     0.8036     0.6073     0.4801
├╣           0.8113    0.0907       0.8113     0.1858     0.8142     0.6284     0.4983
├║           0.8113    0.0907       0.8113     0.1858     0.8142     0.6284     0.4983
├╝           0.8113    0.1176       0.8113     0.1858     0.8142     0.6284     0.4983
═╛           0.8113    0.3793       0.8675     0.4734     0.5266     0.0533     0.0960
тАУ           0.8113    0.5233       0.5559     0.3224     0.6776     0.3553     0.4321
тАФ           0.8113    0.5233       0.5559     0.2021     0.7979     0.5958     0.6721
тДЦ           0.8113    0.2026       0.8113     0.0919     0.9081     0.8161     0.8641
тДв           0.8113    0.2026       0.4676     0.2708     0.7292     0.4585     0.5761

# Missing mapped glyphs (present in cmap but not exportable):
  \x00  (U+0000)
  \x1d  (U+001D)
       (U+0020)
  \xa0  (U+00A0)
  ┬╖    (U+00B7)
  тИЩ    (U+2219)
  \uf001  (U+F001)
  \uf002  (U+F002)
  ямБ    (U+FB01)
  ямВ    (U+FB02)
