# Glyph placement metrics — values normalized to the 0..1 SVG viewBox
#
# All SVGs share the same baseline_y.  To place glyph B directly after
# glyph A, offset B horizontally by A's advance_w (scaled to your tile size).
# To align descenders/ascenders visually, use ink_top / ink_bottom.
#
char    baseline_y   ink_top   ink_bottom   ink_left  ink_right  ink_width  advance_w
-------------------------------------------------------------------------------------
!           0.8148    0.1805       0.8148     0.4281     0.5719     0.1439     0.1858
"           0.8148    0.1805       0.3805     0.3448     0.6552     0.3103     0.3505
#           0.8148    0.1805       0.8148     0.1904     0.8096     0.6193     0.6564
$           0.8148    0.0415       0.9530     0.2453     0.7547     0.5094     0.5540
%           0.8148    0.1792       0.8157     0.1963     0.8037     0.6074     0.6356
&           0.8148    0.1819       0.8148     0.2316     0.7684     0.5367     0.5743
'           0.8148    0.1805       0.3805     0.4331     0.5669     0.1337     0.1752
(           0.8148    0.0795       0.9344     0.3568     0.6432     0.2865     0.3328
)           0.8148    0.0795       0.9344     0.3568     0.6432     0.2865     0.3341
*           0.8148    0.1196       0.3831     0.3623     0.6377     0.2754     0.3165
+           0.8148    0.3386       0.6343     0.3320     0.6680     0.3359     0.3853
,           0.8148    0.6877       0.9247     0.4289     0.5711     0.1421     0.1761
-           0.8148    0.4242       0.5407     0.3517     0.6483     0.2966     0.3421
.           0.8148    0.6983       0.8148     0.4281     0.5719     0.1439     0.1885
/           0.8148    0.1792       0.8157     0.3157     0.6843     0.3686     0.3686
0           0.8148    0.1801       0.8153     0.2744     0.7256     0.4511     0.4975
1           0.8148    0.1805       0.8148     0.3693     0.6307     0.2613     0.2953
2           0.8148    0.1795       0.8162     0.2537     0.7463     0.4926     0.5244
3           0.8148    0.1795       0.8124     0.2574     0.7426     0.4851     0.5284
4           0.8148    0.1805       0.8148     0.2272     0.7728     0.5456     0.5769
5           0.8148    0.1814       0.8184     0.2605     0.7395     0.4789     0.5257
6           0.8148    0.1801       0.8139     0.2767     0.7233     0.4467     0.4917
7           0.8148    0.1792       0.8148     0.2808     0.7192     0.4383     0.4670
8           0.8148    0.1810       0.8126     0.2672     0.7328     0.4657     0.5107
9           0.8148    0.1801       0.8139     0.2767     0.7233     0.4467     0.4930
:           0.8148    0.3619       0.8153     0.4276     0.5724     0.1448     0.1872
;           0.8148    0.3619       0.9605     0.4276     0.5724     0.1448     0.1885
<           0.8148    0.2865       0.7177     0.2654     0.7346     0.4692     0.5173
=           0.8148    0.3430       0.6219     0.3517     0.6483     0.2966     0.3421
>           0.8148    0.2865       0.7177     0.2654     0.7346     0.4692     0.5147
?           0.8148    0.1779       0.8153     0.2586     0.7414     0.4829     0.5270
@           0.8148    0.1629       0.9746     0.1005     0.8995     0.7989     0.8382
A           0.8148    0.1819       0.8148     0.2142     0.7858     0.5716     0.5999
B           0.8148    0.1805       0.8153     0.2389     0.7611     0.5222     0.5659
C           0.8148    0.1801       0.8148     0.2091     0.7909     0.5818     0.6184
D           0.8148    0.1788       0.8148     0.2530     0.7470     0.4939     0.5403
E           0.8148    0.1805       0.8148     0.2667     0.7333     0.4666     0.5094
F           0.8148    0.1805       0.8148     0.2674     0.7326     0.4652     0.5081
G           0.8148    0.1801       0.8148     0.1974     0.8026     0.6052     0.6453
H           0.8148    0.1805       0.8148     0.2160     0.7840     0.5681     0.6144
I           0.8148    0.1805       0.8148     0.4281     0.5719     0.1439     0.1885
J           0.8148    0.1788       0.8155     0.2641     0.7359     0.4719     0.5054
K           0.8148    0.1819       0.8148     0.2184     0.7816     0.5632     0.6091
L           0.8148    0.1805       0.8148     0.2647     0.7353     0.4705     0.5147
M           0.8148    0.1819       0.8148     0.1319     0.8681     0.7363     0.7830
N           0.8148    0.1819       0.8148     0.2420     0.7580     0.5160     0.5619
O           0.8148    0.1801       0.8148     0.1974     0.8026     0.6052     0.6493
P           0.8148    0.1788       0.8148     0.2530     0.7470     0.4939     0.5376
Q           0.8148    0.1801       0.8148     0.1974     0.8026     0.6052     0.6493
R           0.8148    0.1788       0.8148     0.2336     0.7664     0.5328     0.5712
S           0.8148    0.1819       0.8166     0.2453     0.7547     0.5094     0.5566
T           0.8148    0.1832       0.8135     0.2643     0.7357     0.4714     0.5173
U           0.8148    0.1805       0.8163     0.2645     0.7355     0.4710     0.5173
V           0.8148    0.1819       0.8153     0.2087     0.7913     0.5826     0.6131
W           0.8148    0.1819       0.8153     0.0562     0.9438     0.8877     0.9243
X           0.8148    0.1814       0.8162     0.2345     0.7655     0.5310     0.5698
Y           0.8148    0.1814       0.8135     0.2358     0.7642     0.5284     0.5725
Z           0.8148    0.1805       0.8148     0.2643     0.7357     0.4714     0.5116
[           0.8148    0.0803       0.9353     0.3565     0.6435     0.2869     0.3355
\           0.8148    0.1805       0.8148     0.3122     0.6878     0.3756     0.3964
]           0.8148    0.0803       0.9353     0.3570     0.6430     0.2860     0.3315
^           0.8148    0.1819       0.3624     0.4170     0.5830     0.1660     0.2128
_           0.8148    0.8148       0.9314     0.2641     0.7359     0.4719     0.4714
`           0.8148    0.0649       0.1814     0.4320     0.5680     0.1360     0.1642
a           0.8148    0.3309       0.8197     0.2782     0.7218     0.4436     0.4935
b           0.8148    0.1805       0.8157     0.2597     0.7403     0.4807     0.5217
c           0.8148    0.3297       0.8162     0.3007     0.6993     0.3986     0.4330
d           0.8148    0.1805       0.8157     0.2597     0.7403     0.4807     0.5217
e           0.8148    0.3297       0.8162     0.2725     0.7275     0.4549     0.5129
f           0.8148    0.1819       0.8197     0.3493     0.6507     0.3015     0.3346
g           0.8148    0.3315       0.9968     0.2592     0.7408     0.4816     0.5200
h           0.8148    0.1805       0.8148     0.2703     0.7297     0.4595     0.5058
i           0.8148    0.1805       0.8148     0.4281     0.5719     0.1439     0.1748
j           0.8148    0.1805       1.0000     0.3925     0.6075     0.2150     0.2481
k           0.8148    0.1819       0.8148     0.2471     0.7529     0.5058     0.5257
l           0.8148    0.1805       0.8148     0.4281     0.5719     0.1439     0.1885
m           0.8148    0.3284       0.8139     0.1270     0.8730     0.7460     0.7817
n           0.8148    0.3293       0.8148     0.2703     0.7297     0.4595     0.5058
o           0.8148    0.3297       0.8162     0.2698     0.7302     0.4604     0.5129
p           0.8148    0.3306       0.9658     0.2597     0.7403     0.4807     0.5217
q           0.8148    0.3306       0.9658     0.2597     0.7403     0.4807     0.5217
r           0.8148    0.3293       0.8148     0.3749     0.6251     0.2503     0.2882
s           0.8148    0.3302       0.8148     0.2844     0.7156     0.4312     0.4674
t           0.8148    0.1819       0.8197     0.3506     0.6494     0.2988     0.3346
u           0.8148    0.3293       0.8148     0.2703     0.7297     0.4595     0.5058
v           0.8148    0.3302       0.8153     0.2625     0.7375     0.4749     0.4877
w           0.8148    0.3302       0.8153     0.1100     0.8900     0.7800     0.7941
x           0.8148    0.3293       0.8148     0.2786     0.7214     0.4427     0.4569
y           0.8148    0.3302       0.9971     0.2625     0.7375     0.4749     0.4895
z           0.8148    0.3293       0.8153     0.2795     0.7205     0.4410     0.4701
{           0.8148    0.0795       0.9344     0.2899     0.7101     0.4202     0.4648
|           0.8148    0.1518       0.8594     0.4281     0.5719     0.1439     0.1761
}           0.8148    0.0795       0.9344     0.2914     0.7086     0.4171     0.4635
~           0.8148    0.4573       0.5434     0.3415     0.6585     0.3169     0.3465
¡           0.8148    0.1805       0.8148     0.4281     0.5719     0.1439     0.1761
¢           0.8148    0.0415       0.9530     0.2091     0.7909     0.5818     0.6197
£           0.8148    0.1835       0.8131     0.2625     0.7375     0.4749     0.5160
¦           0.8148    0.1518       0.8594     0.4281     0.5719     0.1439     0.1885
§           0.8148    0.1077       0.9852     0.2451     0.7549     0.5098     0.5566
¨           0.8148    0.0980       0.1810     0.3908     0.6092     0.2185     0.2547
©           0.8148    0.1721       0.8228     0.1747     0.8253     0.6506     0.6979
U+00AD      0.8148    0.4242       0.5407     0.3517     0.6483     0.2966     0.3421
®           0.8148    0.1721       0.8228     0.1747     0.8253     0.6506     0.6979
±           0.8148    0.2454       0.6956     0.3314     0.6686     0.3372     0.3827
´           0.8148    0.0649       0.1814     0.4320     0.5680     0.1360     0.1642
¶           0.8148    0.1801       0.8162     0.1654     0.8346     0.6692     0.7142
·           0.8148    0.4626       0.5791     0.4281     0.5719     0.1439     0.1761
¸           0.8148    0.8148       0.9587     0.4287     0.5713     0.1426     0.1660
¿           0.8148    0.1814       0.8188     0.2586     0.7414     0.4829     0.5270
À           0.8148    0.0022       0.8148     0.2142     0.7858     0.5716     0.5999
Á           0.8148    0.0022       0.8148     0.2142     0.7858     0.5716     0.5999
Â           0.8148    0.0026       0.8148     0.2142     0.7858     0.5716     0.5999
Ã           0.8148    0.0539       0.8148     0.2142     0.7858     0.5716     0.5999
Ä           0.8148    0.0309       0.8148     0.2142     0.7858     0.5716     0.5999
Å           0.8148    0.0018       0.8148     0.2142     0.7858     0.5716     0.5999
Æ           0.8148    0.1814       0.8157     0.1336     0.8664     0.7327     0.7804
Ç           0.8148    0.1801       0.9587     0.2091     0.7909     0.5818     0.6184
È           0.8148    0.0022       0.8148     0.2667     0.7333     0.4666     0.5094
É           0.8148    0.0022       0.8148     0.2667     0.7333     0.4666     0.5094
Ê           0.8148    0.0026       0.8148     0.2667     0.7333     0.4666     0.5094
Ë           0.8148    0.0309       0.8148     0.2667     0.7333     0.4666     0.5094
Ì           0.8148    0.0022       0.8148     0.4077     0.5923     0.1845     0.1885
Í           0.8148    0.0022       0.8148     0.4100     0.5900     0.1801     0.1885
Î           0.8148    0.0026       0.8148     0.3808     0.6192     0.2384     0.1885
Ï           0.8148    0.0353       0.8148     0.3908     0.6092     0.2185     0.1885
Ð           0.8148    0.1788       0.8148     0.2089     0.7911     0.5822     0.6215
Ñ           0.8148    0.0583       0.8148     0.2420     0.7580     0.5160     0.5619
Ò           0.8148    0.0022       0.8148     0.1974     0.8026     0.6052     0.6493
Ó           0.8148    0.0022       0.8148     0.1974     0.8026     0.6052     0.6493
Ô           0.8148    0.0026       0.8148     0.1974     0.8026     0.6052     0.6493
Õ           0.8148    0.0539       0.8148     0.1974     0.8026     0.6052     0.6493
Ö           0.8148    0.0353       0.8148     0.1974     0.8026     0.6052     0.6493
×           0.8148    0.3355       0.6740     0.3179     0.6821     0.3642     0.4056
Ø           0.8148    0.1792       0.8157     0.1959     0.8041     0.6083     0.6493
Ù           0.8148    0.0022       0.8163     0.2645     0.7355     0.4710     0.5173
Ú           0.8148    0.0022       0.8163     0.2645     0.7355     0.4710     0.5173
Û           0.8148    0.0026       0.8163     0.2645     0.7355     0.4710     0.5173
Ü           0.8148    0.0353       0.8163     0.2645     0.7355     0.4710     0.5173
Ý           0.8148    0.0022       0.8135     0.2358     0.7642     0.5284     0.5725
Þ           0.8148    0.1788       0.8148     0.2530     0.7470     0.4939     0.5151
ß           0.8148    0.1788       0.8148     0.2696     0.7304     0.4608     0.4825
à           0.8148    0.1532       0.8197     0.2782     0.7218     0.4436     0.4935
á           0.8148    0.1532       0.8197     0.2782     0.7218     0.4436     0.4935
â           0.8148    0.1536       0.8197     0.2782     0.7218     0.4436     0.4935
ã           0.8148    0.2092       0.8197     0.2782     0.7218     0.4436     0.4935
ä           0.8148    0.1863       0.8197     0.2782     0.7218     0.4436     0.4935
å           0.8148    0.1262       0.8197     0.2782     0.7218     0.4436     0.4935
æ           0.8148    0.3297       0.8197     0.1238     0.8762     0.7524     0.7919
ç           0.8148    0.3297       0.9305     0.3007     0.6993     0.3986     0.4330
è           0.8148    0.1532       0.8162     0.2725     0.7275     0.4549     0.5129
é           0.8148    0.1532       0.8162     0.2725     0.7275     0.4549     0.5129
ê           0.8148    0.1536       0.8162     0.2725     0.7275     0.4549     0.5129
ë           0.8148    0.1863       0.8162     0.2725     0.7275     0.4549     0.5129
ì           0.8148    0.1532       0.8148     0.4188     0.5812     0.1624     0.1774
í           0.8148    0.1532       0.8148     0.4188     0.5812     0.1624     0.1748
î           0.8148    0.1536       0.8148     0.3808     0.6192     0.2384     0.1774
ï           0.8148    0.1863       0.8148     0.3908     0.6092     0.2185     0.1774
ð           0.8148    0.1819       0.8188     0.2497     0.7503     0.5005     0.5341
ñ           0.8148    0.2092       0.8148     0.2703     0.7297     0.4595     0.5058
ò           0.8148    0.1532       0.8162     0.2698     0.7302     0.4604     0.5129
ó           0.8148    0.1532       0.8162     0.2698     0.7302     0.4604     0.5129
ô           0.8148    0.1536       0.8162     0.2698     0.7302     0.4604     0.5129
õ           0.8148    0.2092       0.8162     0.2698     0.7302     0.4604     0.5129
ö           0.8148    0.1863       0.8162     0.2698     0.7302     0.4604     0.5129
÷           0.8148    0.2556       0.7089     0.3517     0.6483     0.2966     0.3434
ø           0.8148    0.3297       0.8162     0.2694     0.7306     0.4613     0.5129
ù           0.8148    0.1532       0.8148     0.2703     0.7297     0.4595     0.5058
ú           0.8148    0.1532       0.8148     0.2703     0.7297     0.4595     0.5058
û           0.8148    0.1536       0.8148     0.2703     0.7297     0.4595     0.5058
ü           0.8148    0.1863       0.8148     0.2703     0.7297     0.4595     0.5058
ý           0.8148    0.1532       0.9971     0.2625     0.7375     0.4749     0.4895
þ           0.8148    0.1805       0.9658     0.2597     0.7403     0.4807     0.5217
ÿ           0.8148    0.1863       0.9971     0.2625     0.7375     0.4749     0.4895
Ă           0.8148    0.0463       0.8148     0.2142     0.7858     0.5716     0.5999
ă           0.8148    0.1973       0.8197     0.2782     0.7218     0.4436     0.4935
Ą           0.8148    0.1819       0.9291     0.2142     0.7858     0.5716     0.5999
ą           0.8148    0.3309       0.9291     0.2782     0.7218     0.4436     0.4935
Ć           0.8148    0.0022       0.8148     0.2091     0.7909     0.5818     0.6184
ć           0.8148    0.1532       0.8162     0.3007     0.6993     0.3986     0.4330
Ĉ           0.8148    0.0026       0.8148     0.2091     0.7909     0.5818     0.6184
ĉ           0.8148    0.1536       0.8162     0.3007     0.6993     0.3986     0.4330
Ċ           0.8148    0.0353       0.8148     0.2091     0.7909     0.5818     0.6184
ċ           0.8148    0.1863       0.8162     0.3007     0.6993     0.3986     0.4330
Č           0.8148    0.0026       0.8148     0.2091     0.7909     0.5818     0.6184
č           0.8148    0.1536       0.8162     0.3007     0.6993     0.3986     0.4330
Ď           0.8148    0.0026       0.8148     0.2530     0.7470     0.4939     0.5403
ď           0.8148    0.0230       0.8157     0.1840     0.8160     0.6321     0.6467
Đ           0.8148    0.1788       0.8148     0.2089     0.7911     0.5822     0.6215
đ           0.8148    0.1805       0.8157     0.2215     0.7785     0.5570     0.5721
Ĕ           0.8148    0.0463       0.8148     0.2667     0.7333     0.4666     0.5094
ĕ           0.8148    0.1973       0.8162     0.2725     0.7275     0.4549     0.5129
Ė           0.8148    0.0353       0.8148     0.2667     0.7333     0.4666     0.5094
ė           0.8148    0.1863       0.8162     0.2725     0.7275     0.4549     0.5129
Ę           0.8148    0.1805       0.9291     0.2663     0.7337     0.4674     0.5094
ę           0.8148    0.3297       0.9181     0.2725     0.7275     0.4549     0.5129
Ě           0.8148    0.0026       0.8148     0.2667     0.7333     0.4666     0.5094
ě           0.8148    0.1536       0.8162     0.2725     0.7275     0.4549     0.5129
Ĝ           0.8148    0.0026       0.8148     0.1974     0.8026     0.6052     0.6453
ĝ           0.8148    0.1536       0.9968     0.2592     0.7408     0.4816     0.5200
Ğ           0.8148    0.0463       0.8148     0.1974     0.8026     0.6052     0.6453
ğ           0.8148    0.1973       0.9968     0.2592     0.7408     0.4816     0.5200
Ġ           0.8148    0.0353       0.8148     0.1974     0.8026     0.6052     0.6453
ġ           0.8148    0.1863       0.9968     0.2592     0.7408     0.4816     0.5200
Ĥ           0.8148    0.0026       0.8148     0.2160     0.7840     0.5681     0.6144
ĥ           0.8148    0.0049       0.8148     0.2703     0.7297     0.4595     0.5058
Ĩ           0.8148    0.0583       0.8148     0.3892     0.6108     0.2216     0.1885
ĩ           0.8148    0.2092       0.8148     0.3892     0.6108     0.2216     0.1774
Ĭ           0.8148    0.0463       0.8148     0.4281     0.5719     0.1439     0.1885
ĭ           0.8148    0.1973       0.8148     0.4281     0.5719     0.1439     0.1748
Į           0.8148    0.1805       0.9291     0.4281     0.5719     0.1439     0.1885
į           0.8148    0.1805       0.9291     0.4281     0.5719     0.1439     0.1748
İ           0.8148    0.0353       0.8148     0.4281     0.5719     0.1439     0.1885
ı           0.8148    0.3297       0.8148     0.4281     0.5719     0.1439     0.1748
Ĵ           0.8148    0.0004       0.8155     0.2641     0.7359     0.4719     0.5054
ĵ           0.8148    0.0026       0.8190     0.3711     0.6289     0.2578     0.2573
Ĺ           0.8148    0.0022       0.8148     0.2647     0.7353     0.4705     0.5147
ĺ           0.8148    0.0049       0.8148     0.4281     0.5719     0.1439     0.1885
Ŀ           0.8148    0.1805       0.8148     0.2647     0.7353     0.4705     0.5147
ŀ           0.8148    0.1805       0.8148     0.3362     0.6638     0.3275     0.3567
Ł           0.8148    0.1805       0.8148     0.2294     0.7706     0.5412     0.5721
ł           0.8148    0.1805       0.8148     0.3517     0.6483     0.2966     0.3284
Ń           0.8148    0.0022       0.8148     0.2420     0.7580     0.5160     0.5619
ń           0.8148    0.1532       0.8148     0.2703     0.7297     0.4595     0.5058
Ň           0.8148    0.0026       0.8148     0.2420     0.7580     0.5160     0.5619
ň           0.8148    0.1536       0.8148     0.2703     0.7297     0.4595     0.5058
Ŏ           0.8148    0.0463       0.8148     0.1974     0.8026     0.6052     0.6493
ŏ           0.8148    0.1973       0.8162     0.2698     0.7302     0.4604     0.5129
Ő           0.8148    0.0022       0.8148     0.1974     0.8026     0.6052     0.6493
ő           0.8148    0.1532       0.8162     0.2698     0.7302     0.4604     0.5129
Œ           0.8148    0.1805       0.8148     0.1100     0.8900     0.7800     0.8126
œ           0.8148    0.3297       0.8162     0.0989     0.9011     0.8023     0.8824
Ŕ           0.8148    0.0022       0.8148     0.2336     0.7664     0.5328     0.5712
ŕ           0.8148    0.1532       0.8148     0.3749     0.6251     0.2503     0.2882
Ř           0.8148    0.0026       0.8148     0.2336     0.7664     0.5328     0.5712
ř           0.8148    0.1536       0.8148     0.3749     0.6251     0.2503     0.2882
Ś           0.8148    0.0022       0.8166     0.2453     0.7547     0.5094     0.5566
ś           0.8148    0.1532       0.8148     0.2844     0.7156     0.4312     0.4674
Ŝ           0.8148    0.0026       0.8166     0.2453     0.7547     0.5094     0.5566
ŝ           0.8148    0.1536       0.8148     0.2844     0.7156     0.4312     0.4674
Š           0.8148    0.0026       0.8166     0.2453     0.7547     0.5094     0.5566
š           0.8148    0.1536       0.8148     0.2844     0.7156     0.4312     0.4674
Ť           0.8148    0.0026       0.8135     0.2643     0.7357     0.4714     0.5173
ť           0.8148    0.0247       0.8197     0.3131     0.6869     0.3739     0.3990
Ŧ           0.8148    0.1832       0.8135     0.2643     0.7357     0.4714     0.5054
ŧ           0.8148    0.1819       0.8197     0.3495     0.6505     0.3010     0.3346
Ũ           0.8148    0.0583       0.8163     0.2645     0.7355     0.4710     0.5173
ũ           0.8148    0.2092       0.8148     0.2703     0.7297     0.4595     0.5058
Ŭ           0.8148    0.0463       0.8163     0.2645     0.7355     0.4710     0.5173
ŭ           0.8148    0.1973       0.8148     0.2703     0.7297     0.4595     0.5058
Ů           0.8148    0.0018       0.8163     0.2645     0.7355     0.4710     0.5173
ů           0.8148    0.1262       0.8148     0.2703     0.7297     0.4595     0.5058
Ű           0.8148    0.0022       0.8163     0.2645     0.7355     0.4710     0.5173
ű           0.8148    0.1532       0.8148     0.2703     0.7297     0.4595     0.5058
Ų           0.8148    0.1805       0.9287     0.2645     0.7355     0.4710     0.5173
ų           0.8148    0.3293       0.9291     0.2703     0.7297     0.4595     0.5058
Ŵ           0.8148    0.0026       0.8153     0.0562     0.9438     0.8877     0.9243
ŵ           0.8148    0.1536       0.8153     0.1100     0.8900     0.7800     0.7941
Ŷ           0.8148    0.0026       0.8135     0.2358     0.7642     0.5284     0.5725
ŷ           0.8148    0.1536       0.9971     0.2625     0.7375     0.4749     0.4895
Ÿ           0.8148    0.0353       0.8135     0.2358     0.7642     0.5284     0.5725
Ź           0.8148    0.0000       0.8148     0.2643     0.7357     0.4714     0.5116
ź           0.8148    0.1532       0.8153     0.2795     0.7205     0.4410     0.4701
Ż           0.8148    0.0375       0.8148     0.2643     0.7357     0.4714     0.5116
ż           0.8148    0.1863       0.8153     0.2795     0.7205     0.4410     0.4701
Ž           0.8148    0.0049       0.8148     0.2643     0.7357     0.4714     0.5116
ž           0.8148    0.1536       0.8153     0.2795     0.7205     0.4410     0.4701
Ǎ           0.8148    0.0026       0.8148     0.2142     0.7858     0.5716     0.5999
ǎ           0.8148    0.1536       0.8197     0.2782     0.7218     0.4436     0.4935
Ǐ           0.8148    0.0026       0.8148     0.3808     0.6192     0.2384     0.1885
ǐ           0.8148    0.1536       0.8148     0.3808     0.6192     0.2384     0.1774
Ǒ           0.8148    0.0026       0.8148     0.1974     0.8026     0.6052     0.6493
ǒ           0.8148    0.1536       0.8162     0.2698     0.7302     0.4604     0.5129
Ǔ           0.8148    0.0026       0.8163     0.2645     0.7355     0.4710     0.5173
ǔ           0.8148    0.1536       0.8148     0.2703     0.7297     0.4595     0.5058
Ǧ           0.8148    0.0026       0.8148     0.1974     0.8026     0.6052     0.6453
ǧ           0.8148    0.1536       0.9968     0.2592     0.7408     0.4816     0.5200
Ǩ           0.8148    0.0026       0.8148     0.2184     0.7816     0.5632     0.6091
ǩ           0.8148    0.0049       0.8148     0.2471     0.7529     0.5058     0.5257
Ǫ           0.8148    0.1801       0.9269     0.1974     0.8026     0.6052     0.6493
ǫ           0.8148    0.3297       0.9221     0.2698     0.7302     0.4604     0.5129
Ǵ           0.8148    0.0022       0.8148     0.1974     0.8026     0.6052     0.6453
ǵ           0.8148    0.1532       0.9968     0.2592     0.7408     0.4816     0.5200
Ǹ           0.8148    0.0066       0.8148     0.2420     0.7580     0.5160     0.5619
ǹ           0.8148    0.1532       0.8148     0.2703     0.7297     0.4595     0.5058
Ȧ           0.8148    0.0353       0.8148     0.2142     0.7858     0.5716     0.5999
ȧ           0.8148    0.1863       0.8197     0.2782     0.7218     0.4436     0.4935
Ȯ           0.8148    0.0353       0.8148     0.1974     0.8026     0.6052     0.6493
ȯ           0.8148    0.1863       0.8162     0.2698     0.7302     0.4604     0.5129
ˆ           0.8148    0.0653       0.1819     0.3808     0.6192     0.2384     0.2538
ˇ           0.8148    0.0653       0.1819     0.3808     0.6192     0.2384     0.2538
˘           0.8148    0.1090       0.1810     0.4287     0.5713     0.1426     0.1655
˙           0.8148    0.0980       0.1810     0.4525     0.5475     0.0949     0.1245
˚           0.8148    0.0380       0.1792     0.4287     0.5713     0.1426     0.1633
˛           0.8148    0.7861       0.9291     0.4559     0.5441     0.0883     0.1152
˜           0.8148    0.1209       0.1801     0.3892     0.6108     0.2216     0.2450
˝           0.8148    0.0649       0.1814     0.3702     0.6298     0.2595     0.2865
;           0.8148    0.3619       0.9605     0.4276     0.5724     0.1448     0.1885
΄           0.8148    0.0649       0.1814     0.4320     0.5680     0.1360     0.1642
Ά           0.8148    0.0649       0.8148     0.2142     0.7858     0.5716     0.5999
Έ           0.8148    0.0649       0.8148     0.2043     0.7957     0.5915     0.6184
Ή           0.8148    0.0649       0.8148     0.1535     0.8465     0.6930     0.7296
Ί           0.8148    0.0649       0.8148     0.3656     0.6344     0.2688     0.3054
Ό           0.8148    0.0649       0.8148     0.1974     0.8026     0.6052     0.6259
Ύ           0.8148    0.0649       0.8135     0.1780     0.8220     0.6440     0.6776
Ώ           0.8148    0.0649       0.8148     0.1356     0.8644     0.7288     0.7521
Α           0.8148    0.1819       0.8148     0.2142     0.7858     0.5716     0.5999
Β           0.8148    0.1805       0.8153     0.2389     0.7611     0.5222     0.5659
Γ           0.8148    0.1832       0.8135     0.2643     0.7357     0.4714     0.5173
Δ           0.8148    0.1819       0.8148     0.2510     0.7490     0.4979     0.5398
Ε           0.8148    0.1805       0.8148     0.2667     0.7333     0.4666     0.5094
Ζ           0.8148    0.1805       0.8144     0.2762     0.7238     0.4476     0.4891
Η           0.8148    0.1805       0.8148     0.2160     0.7840     0.5681     0.6144
Θ           0.8148    0.1801       0.8148     0.1974     0.8026     0.6052     0.6343
Ι           0.8148    0.1805       0.8148     0.4281     0.5719     0.1439     0.1885
Κ           0.8148    0.1819       0.8148     0.2184     0.7816     0.5632     0.5734
Λ           0.8148    0.1819       0.8153     0.2087     0.7913     0.5826     0.6131
Μ           0.8148    0.1819       0.8148     0.1319     0.8681     0.7363     0.7830
Ν           0.8148    0.1819       0.8148     0.2420     0.7580     0.5160     0.5619
Ξ           0.8148    0.1805       0.8153     0.3237     0.6763     0.3527     0.3920
Ο           0.8148    0.1801       0.8148     0.1974     0.8026     0.6052     0.6493
Π           0.8148    0.1832       0.8135     0.2643     0.7357     0.4714     0.5173
Ρ           0.8148    0.1788       0.8148     0.2530     0.7470     0.4939     0.5376
Σ           0.8148    0.1805       0.8153     0.3234     0.6766     0.3531     0.3955
Τ           0.8148    0.1832       0.8135     0.2643     0.7357     0.4714     0.5173
Υ           0.8148    0.1814       0.8135     0.2358     0.7642     0.5284     0.5712
Φ           0.8148    0.0847       0.9234     0.1158     0.8842     0.7685     0.8029
Χ           0.8148    0.1814       0.8162     0.2345     0.7655     0.5310     0.5756
Ψ           0.8148    0.1805       0.8148     0.1742     0.8258     0.6515     0.6908
Ω           0.8148    0.1801       0.8148     0.1356     0.8644     0.7288     0.7720
Ϊ           0.8148    0.0353       0.8148     0.3908     0.6092     0.2185     0.1885
Ϋ           0.8148    0.0309       0.8135     0.2358     0.7642     0.5284     0.5712
ά           0.8148    0.1532       0.8166     0.2605     0.7395     0.4789     0.5217
έ           0.8148    0.1532       0.8132     0.3345     0.6655     0.3311     0.3628
ή           0.8148    0.1532       0.9627     0.2703     0.7297     0.4595     0.5058
ί           0.8148    0.1532       0.8148     0.4188     0.5812     0.1624     0.1748
α           0.8148    0.3293       0.8166     0.2605     0.7395     0.4789     0.5217
β           0.8148    0.1799       0.9570     0.2694     0.7306     0.4613     0.4825
γ           0.8148    0.3315       0.9636     0.2402     0.7598     0.5195     0.5562
δ           0.8148    0.1823       0.8170     0.2698     0.7302     0.4604     0.5129
ε           0.8148    0.3256       0.8132     0.3345     0.6655     0.3311     0.3628
ζ           0.8148    0.1805       0.8148     0.3018     0.6982     0.3964     0.4312
η           0.8148    0.3293       0.9627     0.2703     0.7297     0.4595     0.5058
θ           0.8148    0.1801       0.8144     0.2747     0.7253     0.4507     0.4851
ι           0.8148    0.3297       0.8148     0.4281     0.5719     0.1439     0.1748
κ           0.8148    0.3302       0.8148     0.2471     0.7529     0.5058     0.5257
λ           0.8148    0.1792       0.8153     0.2625     0.7375     0.4749     0.4895
μ           0.8148    0.3306       0.9649     0.2703     0.7297     0.4595     0.5058
ν           0.8148    0.3302       0.8153     0.2625     0.7375     0.4749     0.4895
ξ           0.8148    0.1819       0.9918     0.2939     0.7061     0.4123     0.4290
ο           0.8148    0.3297       0.8162     0.2698     0.7302     0.4604     0.5129
π           0.8148    0.3311       0.8170     0.2645     0.7355     0.4710     0.5103
ρ           0.8148    0.3306       0.9636     0.2698     0.7302     0.4604     0.5058
σ           0.8148    0.3306       0.8170     0.2572     0.7428     0.4855     0.5129
τ           0.8148    0.3319       0.8139     0.2643     0.7357     0.4714     0.5054
υ           0.8148    0.3280       0.8155     0.2641     0.7359     0.4719     0.5054
φ           0.8148    0.3306       0.9689     0.2698     0.7302     0.4604     0.5129
χ           0.8148    0.3315       0.9662     0.2396     0.7604     0.5209     0.5623
ψ           0.8148    0.3280       0.9640     0.2332     0.7668     0.5337     0.5663
ω           0.8148    0.3306       0.8122     0.1308     0.8692     0.7385     0.7800
ϊ           0.8148    0.1863       0.8148     0.3908     0.6092     0.2185     0.1774
ϋ           0.8148    0.1863       0.8155     0.2641     0.7359     0.4719     0.5054
ό           0.8148    0.1532       0.8162     0.2698     0.7302     0.4604     0.5129
ύ           0.8148    0.1532       0.8155     0.2641     0.7359     0.4719     0.5054
ώ           0.8148    0.1532       0.8122     0.1308     0.8692     0.7385     0.7800
Ё           0.8148    0.0353       0.8148     0.2667     0.7333     0.4666     0.5094
Ђ           0.8148    0.1832       0.8135     0.1568     0.8432     0.6864     0.7279
Ѓ           0.8148    0.0022       0.8148     0.2641     0.7359     0.4719     0.5200
Є           0.8148    0.1805       0.8148     0.2574     0.7426     0.4851     0.5310
Ѕ           0.8148    0.1819       0.8166     0.2453     0.7547     0.5094     0.5553
І           0.8148    0.1805       0.8148     0.4281     0.5719     0.1439     0.1872
Ї           0.8148    0.0353       0.8148     0.3908     0.6092     0.2185     0.1885
Ј           0.8148    0.1788       0.8155     0.2641     0.7359     0.4719     0.5054
Љ           0.8148    0.1805       0.8190     0.0392     0.9608     0.9216     0.9676
Њ           0.8148    0.1805       0.8148     0.0394     0.9606     0.9212     0.9676
Ћ           0.8148    0.1827       0.8144     0.1882     0.8118     0.6236     0.6550
Ќ           0.8148    0.0022       0.8148     0.2184     0.7816     0.5632     0.6025
Ў           0.8148    0.0463       0.8144     0.2358     0.7642     0.5284     0.5698
Џ           0.8148    0.1810       0.9530     0.1994     0.8006     0.6012     0.6493
А           0.8148    0.1819       0.8148     0.2142     0.7858     0.5716     0.6144
Б           0.8148    0.1832       0.8153     0.2387     0.7613     0.5226     0.5672
В           0.8148    0.1801       0.8162     0.2389     0.7611     0.5222     0.5659
Г           0.8148    0.1832       0.8148     0.2641     0.7359     0.4719     0.5200
Д           0.8148    0.1819       0.9561     0.2124     0.7876     0.5751     0.6211
Е           0.8148    0.1805       0.8148     0.2667     0.7333     0.4666     0.5133
Ж           0.8148    0.1814       0.8148     0.0070     0.9930     0.9861     1.0174
З           0.8148    0.1795       0.8124     0.2574     0.7426     0.4851     0.5284
И           0.8148    0.1819       0.8148     0.2420     0.7580     0.5160     0.5646
Й           0.8148    0.0463       0.8148     0.2420     0.7580     0.5160     0.5646
К           0.8148    0.1814       0.8148     0.2184     0.7816     0.5632     0.6025
Л           0.8148    0.1805       0.8190     0.2296     0.7704     0.5407     0.5875
М           0.8148    0.1819       0.8148     0.1319     0.8681     0.7363     0.7804
Н           0.8148    0.1805       0.8148     0.2160     0.7840     0.5681     0.6144
О           0.8148    0.1801       0.8148     0.1974     0.8026     0.6052     0.6480
П           0.8148    0.1832       0.8148     0.2636     0.7364     0.4727     0.5173
Р           0.8148    0.1788       0.8148     0.2530     0.7470     0.4939     0.5350
С           0.8148    0.1801       0.8148     0.2091     0.7909     0.5818     0.6171
Т           0.8148    0.1832       0.8135     0.2643     0.7357     0.4714     0.5147
У           0.8148    0.1814       0.8144     0.2358     0.7642     0.5284     0.5698
Ф           0.8148    0.1810       0.8153     0.1859     0.8141     0.6281     0.6630
Х           0.8148    0.1814       0.8162     0.2345     0.7655     0.5310     0.5743
Ц           0.8148    0.1810       0.9517     0.1992     0.8008     0.6016     0.6467
Ч           0.8148    0.1805       0.8148     0.2692     0.7308     0.4616     0.4935
Ш           0.8148    0.1805       0.8153     0.1109     0.8891     0.7782     0.8232
Щ           0.8148    0.1805       0.9548     0.1109     0.8891     0.7782     0.8219
Ъ           0.8148    0.1805       0.8153     0.1855     0.8145     0.6290     0.6670
Ы           0.8148    0.1819       0.8175     0.1478     0.8522     0.7045     0.7491
Ь           0.8148    0.1805       0.8153     0.2363     0.7637     0.5275     0.5725
Э           0.8148    0.1805       0.8148     0.2574     0.7426     0.4851     0.5310
Ю           0.8148    0.1801       0.8148     0.0277     0.9723     0.9446     0.9865
Я           0.8148    0.1788       0.8148     0.2336     0.7664     0.5328     0.5769
а           0.8148    0.3309       0.8197     0.2782     0.7218     0.4436     0.4935
б           0.8148    0.1801       0.8139     0.2769     0.7231     0.4463     0.4917
в           0.8148    0.3255       0.8148     0.2965     0.7035     0.4070     0.4432
г           0.8148    0.3302       0.8148     0.3559     0.6441     0.2882     0.3244
д           0.8148    0.3346       0.9561     0.2124     0.7876     0.5751     0.6078
е           0.8148    0.3297       0.8162     0.2725     0.7275     0.4549     0.5129
ж           0.8148    0.3302       0.8148     0.0630     0.9370     0.8740     0.8907
з           0.8148    0.3256       0.8140     0.3345     0.6655     0.3311     0.3628
и           0.8148    0.3293       0.8148     0.2427     0.7573     0.5147     0.5504
й           0.8148    0.1973       0.8148     0.2427     0.7573     0.5147     0.5504
к           0.8148    0.3302       0.8148     0.2449     0.7551     0.5103     0.5359
л           0.8148    0.3306       0.8190     0.2363     0.7637     0.5275     0.5663
м           0.8148    0.3297       0.8148     0.1941     0.8059     0.6118     0.6528
н           0.8148    0.3262       0.8148     0.2446     0.7554     0.5107     0.5562
о           0.8148    0.3297       0.8162     0.2698     0.7302     0.4604     0.5129
п           0.8148    0.3306       0.8148     0.2625     0.7375     0.4749     0.5103
р           0.8148    0.3306       0.9658     0.2597     0.7403     0.4807     0.5217
с           0.8148    0.3297       0.8162     0.3007     0.6993     0.3986     0.4330
т           0.8148    0.3288       0.8135     0.2643     0.7357     0.4714     0.5173
у           0.8148    0.3302       0.9971     0.2625     0.7375     0.4749     0.4895
ф           0.8148    0.1805       0.9658     0.0906     0.9094     0.8188     0.8501
х           0.8148    0.3293       0.8148     0.2786     0.7214     0.4427     0.4569
ц           0.8148    0.3302       0.9543     0.2433     0.7567     0.5133     0.5623
ч           0.8148    0.3262       0.8148     0.2692     0.7308     0.4616     0.4957
ш           0.8148    0.3262       0.8153     0.1550     0.8450     0.6899     0.7354
щ           0.8148    0.3262       0.9543     0.1550     0.8450     0.6899     0.7354
ъ           0.8148    0.3262       0.8153     0.1965     0.8035     0.6069     0.6528
ы           0.8148    0.3275       0.8175     0.1588     0.8412     0.6824     0.7292
ь           0.8148    0.3275       0.8162     0.2473     0.7527     0.5054     0.5460
э           0.8148    0.3297       0.8162     0.3007     0.6993     0.3986     0.4330
ю           0.8148    0.3297       0.8162     0.1153     0.8847     0.7694     0.8100
я           0.8148    0.3288       0.8170     0.2605     0.7395     0.4789     0.5239
ё           0.8148    0.1863       0.8162     0.2725     0.7275     0.4549     0.5129
ђ           0.8148    0.1805       0.9958     0.2699     0.7301     0.4602     0.5058
ѓ           0.8148    0.1532       0.8148     0.3559     0.6441     0.2882     0.3244
є           0.8148    0.3297       0.8162     0.3007     0.6993     0.3986     0.4330
ѕ           0.8148    0.3302       0.8148     0.2844     0.7156     0.4312     0.4674
і           0.8148    0.1805       0.8148     0.4281     0.5719     0.1439     0.1885
ї           0.8148    0.1863       0.8148     0.3908     0.6092     0.2185     0.1885
ј           0.8148    0.1805       1.0000     0.3925     0.6075     0.2150     0.2481
љ           0.8148    0.3306       0.8190     0.0548     0.9452     0.8903     0.9190
њ           0.8148    0.3262       0.8153     0.0661     0.9339     0.8678     0.9005
ћ           0.8148    0.1805       0.8148     0.2699     0.7301     0.4602     0.5058
ќ           0.8148    0.1532       0.8148     0.2449     0.7551     0.5103     0.5359
ў           0.8148    0.1973       0.9971     0.2625     0.7375     0.4749     0.4895
џ           0.8148    0.3302       0.9574     0.2431     0.7569     0.5138     0.5579
Ґ           0.8148    0.0433       0.8148     0.2641     0.7359     0.4719     0.5173
ґ           0.8148    0.1872       0.8148     0.3557     0.6443     0.2887     0.3244
Ғ           0.8148    0.1814       0.8144     0.2129     0.7871     0.5743     0.5985
ғ           0.8148    0.3271       0.8144     0.2504     0.7496     0.4992     0.5601
Җ           0.8148    0.1814       0.9468     0.0067     0.9933     0.9865     1.0267
җ           0.8148    0.3302       0.9468     0.0630     0.9370     0.8740     0.8907
Қ           0.8148    0.1814       0.9495     0.2182     0.7818     0.5637     0.6012
қ           0.8148    0.3302       0.9495     0.2446     0.7554     0.5107     0.5359
Ҝ           0.8148    0.1814       0.8148     0.1442     0.8558     0.7115     0.7464
ҝ           0.8148    0.3302       0.8148     0.1742     0.8258     0.6515     0.5359
Ң           0.8148    0.1805       0.9481     0.2157     0.7843     0.5685     0.6131
ң           0.8148    0.3262       0.9481     0.2444     0.7556     0.5111     0.5562
Ү           0.8148    0.1814       0.8135     0.2358     0.7642     0.5284     0.5659
ү           0.8148    0.3315       0.9636     0.2358     0.7642     0.5284     0.5659
Ұ           0.8148    0.1814       0.8135     0.2358     0.7642     0.5284     0.5646
ұ           0.8148    0.3315       0.9636     0.2358     0.7642     0.5284     0.5646
Ҳ           0.8148    0.1814       0.9525     0.2345     0.7655     0.5310     0.5769
ҳ           0.8148    0.3293       0.9495     0.2786     0.7214     0.4427     0.4569
Ҹ           0.8148    0.1805       0.8148     0.2296     0.7704     0.5407     0.5849
ҹ           0.8148    0.3262       0.8148     0.2296     0.7704     0.5407     0.5743
Һ           0.8148    0.1805       0.8148     0.2703     0.7297     0.4595     0.5058
һ           0.8148    0.1805       0.8148     0.2703     0.7297     0.4595     0.5058
Ә           0.8148    0.1805       0.8153     0.2062     0.7938     0.5875     0.6294
ә           0.8148    0.3297       0.8162     0.2725     0.7275     0.4549     0.5129
Ө           0.8148    0.1801       0.8148     0.1974     0.8026     0.6052     0.6480
ө           0.8148    0.3297       0.8162     0.2698     0.7302     0.4604     0.5129
‘           0.8148    0.0565       0.2935     0.4289     0.5711     0.1421     0.1761
’           0.8148    0.0565       0.2935     0.4289     0.5711     0.1421     0.1761
‚           0.8148    0.6877       0.9247     0.4289     0.5711     0.1421     0.1761
“           0.8148    0.0565       0.2935     0.3407     0.6593     0.3187     0.3527
”           0.8148    0.0565       0.2935     0.3407     0.6593     0.3187     0.3527
„           0.8148    0.6877       0.9247     0.3407     0.6593     0.3187     0.3527
…           0.8148    0.6983       0.8148     0.2559     0.7441     0.4882     0.5350
‰           0.8148    0.1792       0.8342     0.0652     0.9348     0.8696     0.9177
‹           0.8148    0.2865       0.7177     0.2654     0.7346     0.4692     0.4851
›           0.8148    0.2865       0.7177     0.2654     0.7346     0.4692     0.5147
⁄           0.8148    0.1805       0.8148     0.3122     0.6878     0.3756     0.3964
€           0.8148    0.1805       0.8148     0.2574     0.7426     0.4851     0.5310
™           0.8148    0.1803       0.4339     0.2215     0.7785     0.5570     0.5888
−           0.8148    0.4242       0.5407     0.3517     0.6483     0.2966     0.3434
∕           0.8148    0.1805       0.8148     0.3122     0.6878     0.3756     0.3964
∙           0.8148    0.4626       0.5791     0.4281     0.5719     0.1439     0.1761
≤           0.8148    0.2556       0.8162     0.2639     0.7361     0.4723     0.5160
≥           0.8148    0.2556       0.8162     0.2636     0.7364     0.4727     0.5133

# Missing mapped glyphs (present in cmap but not exportable):
  \x00  (U+0000)
  \x1d  (U+001D)
       (U+0020)
  \xa0  (U+00A0)
